v2.0 raw
0000 0010 0000 0000
0000 0010 0000 0000
0000 0010 0000 0000
0000 0000 0000 0000
0000 0010 0000 0000
0000 0010 0000 0000
0000 0010 0000 0000
0000 0010 0000 0000
0000 0010 0000 0000
0000 0010 0000 0000
0000 0010 0000 0000
0000 0010 0000 0000
0000 0000 0000 0000
0000 0010 0000 0000
0000 0010 0000 0000
0000 0010 0000 0000
0000 0010 0000 0000
0000 0010 0000 0000
0000 0010 0000 0000
0000 0010 0000 0000
0000 0010 0000 0000
0000 0010 0000 0000
0000 0010 0000 0000
0000 0010 0000 0000
0000 0000 0000 0000
0000 0000 0000 0000
0000 0000 0000 0000
0000 0010 0000 0000
0000 0010 0000 0000
0000 0000 0000 0000
0000 0010 0000 0000
0000 0000 0000 0000
0000 0000 0000 0000
0000 0010 0000 0000
0000 0010 0000 0000
